10012
10025
10029
10032
10034
10063
10076
10077
10149
10164
10169
10171
10174
10179
10183
10192
10201
10204
10241
10252
10264
10266
10283
10328
10334
10338
10344
10346
10377
10378
10381
10382
10388
10390
10392
10397
10420
10421
10430
10460
10477
10494
10504
10508
10524
10533
10545
10550
10562
10565
10571
10591
10608
10613
10620
10632
10648
10661
10668
10669
10679
10687
10702
10706
10711
10719
10721
10749
10750
10752
10817
10818
10823
10834
10836
10846
10862
10863
10878
10932
10935
10939
10953
10982
11025
11077
11082
11085
11098
11110
11115
11133
11153
11190
11192
11197
11260
11296
11300
11304
11324
11330
11336
11348
11357
11368
11375
11382
11432
11474
11484
11552
11567
11568
11573
11575
11584
11587
11620
11628
11677
11688
11760
11766
11784
11791
11822
11827
11829
11915
11950
12033
12113
12124
12173
12184
12247
12290
12311
12327
12328
12329
12330
12366
12433
12442
12443
12454
12458
12464
12472
12490
12504
12539
12584
12585
12642
12668
12730
12762
12781
12785
12799
12816
12817
12818
12871
12909
12934
12995
13011
13021
13029
13041
13059
13084
13097
13125
13137
13142
13171
13188
13198
13220
13249
13251
13270
13309
13317
13341
13407
13411
13441
13460
13487
13498
13545
13549
13571
13607
13618
13643
13649
13665
13714
13748
13771
13805
13818
13832
13887
13912
13921
13970
14016
14103
14149
14196
14203
14233
14257
14280
14318
14322
14447
14463
14581
14641
14681
14731
14735
14754
14758
14760
14797
14805
14814
14828
14831
14851
14866
14869
14885
14918
14942
14945
14947
14948
14967
15019
15020
15072
15082
15098
15199
15259
15336
15376
15480
15496
15541
15555
15575
15588
15628
15704
15741
15757
15832
15887
15897
15934
15946
15948
16011
16045
16053
16104
16112
16186
16208
16209
16218
16264
16342
16343
16347
16354
16476
16514
16623
16702
16786
16884
16934
16955
16995
17167
17180
17206
17336
17351
17535
17593
17629
17631
17672
17687
17693
17723
17736
17742
17865
17870
17908
18275
18296
18330
18411
18441
18484
18496
18586
18617
18625
18668
18783
18860
18866
18907
18965
18978
19024
19029
19056
19331
19613
19617
19651
19655
19695
19796
19852
19882
20200
20308
20397
20472
20505
20515
20527
20566
20579
20631
20668
20780
20783
20842
20858
20903
21012
21015
21080
21172
21228
21257
21285
21418
21430
21461
21509
21519
21616
21682
21712
21742
21957
21961
22105
22117
22119
22161
22256
22393
22421
22426
22452
22456
22610
22616
22717
22734
22817
22901
23047
23051
23381
23395
23465
23557
23591
23609
23628
23638
23656
23657
23819
23921
23990
24009
24031
24105
24108
24114
24122
24282
24297
243
24426
24540
24575
24621
24658
24659
24671
24714
24733
24824
25006
25120
25137
25515
25548
25678
258
26495
26560
26656
26813
27001
27043
27096
27341
27347
27349
27367
27457
27461
27494
27509
27516
27655
27658
27722
27858
27885
27922
27987
27994
28131
28172
28213
28551
28569
28656
28909
28922
28929
28940
28961
29026
29066
29096
29174
29224
29281
29299
295
29605
29843
29852
29853
2989
2990
29907
301
30145
30173
30174
30221
30385
30428
30463
30484
30559
30572
30641
30648
30735
30803
30876
30877
31100
31231
31237
31549
32364
32487
32525
32706
32724
32732
32759
32826
32915
32952
32999
33019
33029
33050
33052
33079
33142
33177
33180
33471
33476
33513
33531
33593
33765
33803
33808
33948
34043
34090
34113
34116
34395
34617
34677
34824
34841
34844
34845
34941
35008
35055
35480
35690
35798
35804
36061
36109
36181
36486
36508
36659
36761
36849
36884
36896
36899
36906
36913
36926
36953
36995
37043
37121
37271
37293
37295
37296
37301
37324
37332
37583
37615
37677
37684
37851
37984
38031
38050
38341
38351
38520
38556
38647
38669
38697
38734
38762
38839
38880
38884
38946
38955
39040
39093
39216
39218
39308
39321
39336
39359
39492
39573
39605
39629
39635
39679
39709
39717
39719
39724
39749
39757
39802
39808
39823
39844
39847
39855
39870
39891
39893
39901
39987
39997
40005
40031
40037
40087
40093
40108
40186
40198
40291
40294
40316
40317
40371
40404
40432
40434
40455
40495
40526
40542
40563
40592
40609
40638
40646
40670
40671
40674
40685
40689
40712
40741
40786
40787
40798
40832
40840
40859
40875
40899
40900
40904
40905
40925
40932
40935
40943
40975
40983
40998
40999
41000
41001
41038
41041
41069
41087
41101
41105
41114
41132
41139
41168
41173
41195
41204
41225
41258
41266
41268
41289
41306
41308
41348
41350
41352
41357
41363
41373
41398
41412
41416
41451
41518
41541
41562
41578
41584
41615
41619
41622
41623
41661
41666
41675
41722
41733
41751
41759
41794
41830
41836
41851
41869
41891
41898
41906
41933
41951
41953
41954
41955
41957
41959
41988
42027
42054
42068
42100
42120
42148
42159
42202
42277
42296
42305
42326
42370
42378
42397
42402
42432
42435
42442
42480
42501
42562
42566
42599
42670
42675
42681
42703
42729
42733
42753
42832
42841
42878
42922
42935
42984
42989
43003
43011
43028
43039
43043
43048
43054
43073
43089
43128
43157
43160
43170
43171
43180
43186
43200
43215
43243
43265
43266
43288
43303
43305
43318
43327
43330
43336
43359
43363
43377
43396
43397
43403
43406
43467
43493
43512
43568
43577
43583
43590
43658
43672
43703
43735
43740
43741
43743
43744
43758
43765
43776
43777
43785
43834
43865
43872
43876
43937
43940
43959
44001
44006
44023
44052
44057
44087
44144
44203
44244
44265
44311
44329
44339
44344
44374
44413
44456
44474
44488
44520
44636
44638
44640
44650
44662
44675
44803
44867
44870
44890
44914
45069
45117
45144
45151
45153
45163
45166
45169
45180
45186
45191
45193
45195
45204
45214
45251
45266
45308
45426
45429
45479
45522
45596
45597
45611
45625
45626
45628
45638
45694
45730
45753
45755
45770
45777
45782
45818
45828
45831
45834
45853
45886
45904
45935
45966
45972
46
46037
46060
46102
46107
46108
46111
46118
46119
46138
46147
46166
46176
46178
46208
46217
46218
46219
46233
46302
46337
46351
46361
46380
46390
46393
46397
46406
46431
46457
46464
46478
46522
46533
46539
46553
46580
46589
46635
46650
46679
46690
46730
46731
46738
46739
46772
46779
46788
46795
46818
46819
46820
46821
46827
46833
46846
46848
46854
46926
46932
46940
46951
46991
47001
47002
47016
47046
47059
47063
47108
47112
47116
47161
47169
47188
47198
47199
47209
47212
47228
47229
47237
47255
47257
47301
47351
47352
47363
47373
47377
47414
47423
47424
47441
47462
47491
47516
47526
47533
47554
47555
47560
47610
47624
47648
47678
47697
47709
47726
47767
47783
47793
47795
4780
47806
47812
47820
47874
47928
47950
47952
47954
47964
47990
47992
48013
48017
48019
48026
48056
48087
48092
48140
48145
48189
48197
48204
48231
48258
48259
48291
48292
48294
48301
48307
48348
48350
48358
48374
48380
48445
48471
48507
48521
48531
48559
48581
48599
48609
48612
48631
48633
48648
48654
48663
48681
48691
48708
48710
48720
48807
48840
48859
48864
48889
48920
48924
48929
48940
48970
48971
48973
48978
48984
48999
49038
49040
49044
49047
49077
49084
49103
49122
49140
49204
49229
49260
49274
49280
49295
49336
49337
49344
49415
49442
49453
49471
49474
49514
49515
49525
49544
49568
49574
49596
49627
49629
49653
49663
49683
49699
49768
49778
49792
49823
49884
49888
49900
49943
49951
49954
49956
49978
50021
50059
50060
50067
50096
50103
50117
50118
50120
50124
50137
50174
50246
50282
50303
50420
50441
50459
50469
50474
50538
50562
50564
50579
50613
50627
50636
50686
50692
50722
50730
50731
50750
50781
50805
50807
50813
50817
50934
50935
50986
50999
51016
51042
51051
51056
51065
51077
51094
51104
51187
51191
51197
51198
51219
51227
51250
51325
51363
51373
51454
51472
51474
51495
51506
51526
51530
51632
51675
51682
51697
51713
51745
51776
51791
51855
51862
51883
51897
51898
51902
51920
51960
51996
52056
52095
52138
52146
52169
52197
52202
52222
52268
52344
52351
52354
52367
52389
52392
52394
52429
52435
52436
52509
52569
52575
52627
52636
52655
52689
52690
52715
52729
52748
52753
52783
52814
52873
52904
52981
53012
53017
53021
53064
53156
53157
53236
53307
53308
53311
53408
53426
53439
53479
53532
53598
53628
53630
53633
53657
53690
53705
53722
53730
53758
53772
53773
53798
53879
53990
54004
54012
54031
54037
54070
54071
54106
54118
54142
54199
54200
54209
54272
54299
54301
54320
54325
54341
54351
54358
54372
54402
54406
54418
54422
54453
54534
54578
54593
54608
54626
54636
54646
54657
54660
54693
54698
54710
54770
54778
54789
54811
54813
54814
54816
54820
54842
54863
54880
54885
54891
54900
54905
54909
54913
54916
54965
54966
54970
54981
54989
55001
55003
55005
55019
55094
55097
55104
55154
55171
55218
55225
55259
55289
55294
55315
55349
55355
55371
55392
55463
55507
55521
55526
55535
55567
55568
55626
55647
55682
55683
55691
55721
55727
55763
55813
55816
55836
55851
55894
55967
55979
55985
56036
56042
56061
56080
56125
56173
56195
56202
56209
56215
56216
56223
56232
56238
56263
56267
56283
56316
56350
56361
56369
56370
56372
56422
56442
56479
56505
56506
56511
56526
56528
56614
56640
56651
56666
56755
56772
56797
56816
56824
56830
56833
56846
56850
56903
56930
56943
56949
56961
56994
56997
57018
57036
57042
57135
57169
57179
57214
57263
57280
57288
57332
57339
57372
57382
57384
57424
57426
57442
57444
57563
57572
57603
57629
57679
57684
57688
57701
57747
57750
57752
57753
57770
57849
57859
57860
57906
57914
57920
57939
58000
58009
58011
58030
58046
58048
58062
58096
58125
58134
58137
58145
58195
58196
58207
58213
58215
58221
58239
58246
58249
58317
58324
58336
58370
58373
58377
58384
58432
58478
58516
58538
58551
58571
58595
58621
58645
58654
58680
58695
58738
58860
58876
58889
58890
59022
59032
59035
59040
59141
59157
59164
59165
59207
59208
59211
59291
59305
59320
59402
59421
59424
59490
59522
59539
59586
59624
59632
59634
59667
59678
59686
59692
59699
59702
59742
59743
59745
59756
59798
59807
59828
59837
59840
59879
59887
59937
59938
59960
59973
59991
60001
60053
60056
60155
60198
60200
60209
60238
60242
60243
60249
60254
60268
60311
60325
60383
60399
60402
60454
60480
60544
60548
60615
60661
60720
60725
60735
60737
60797
60832
60854
60894
60910
60924
60935
60960
60967
60972
60983
61001
61002
61004
61055
61071
61076
61111
61167
61169
61182
61205
61213
61238
61239
61251
61257
61278
61281
61292
61309
61348
61360
61399
61406
61414
61443
61449
61520
61525
61543
61573
61580
61605
61616
61645
61651
61661
61664
61678
61719
61772
61788
61829
61852
61881
61923
61931
61974
61986
62004
62034
62037
62059
62135
62172
62193
62225
62299
62311
62324
62333
62407
62422
62445
62468
62524
62544
62549
62556
62565
62599
62612
62699
62705
62712
62717
62723
62763
62831
62835
62862
62886
62890
62925
62977
63034
63036
63062
63093
63110
63167
63214
63239
63247
63320
63335
63340
63350
63359
63364
63413
63434
63440
63458
63459
63474
63517
63531
63549
63565
63566
63574
63575
63602
63634
63681
63713
63732
63764
63773
63786
63787
63795
63800
63809
63828
63851
63910
63922
63923
63952
63978
63987
64000
64022
64050
64086
64133
64144
64188
64192
64204
64238
64251
64325
64351
64352
64433
64472
64473
64495
64500
64506
64574
64590
64592
64603
64624
64639
64640
64651
64666
64711
64793
64920
64941
64958
64961
64998
65012
65026
65047
65078
65108
65141
65144
65166
65193
65194
65202
65259
65336
65360
65364
65380
65381
65386
65398
65429
65445
65447
65496
65500
65552
65580
65586
65591
65611
65612
65630
65645
65654
65660
65705
65709
65770
65838
65839
65842
65853
65862
65907
65962
65969
65994
66016
66048
66095
66147
66184
66240
66252
66257
66266
66292
66352
66384
66430
66476
66506
66528
66542
66567
66570
66578
66589
66622
66647
66662
66678
66685
66729
66740
66741
66743
66745
66832
66895
66943
66987
66993
67004
67015
67018
67022
67032
67033
67042
67043
67061
67136
67146
67197
67237
67243
67246
67247
67260
67288
67343
67352
67370
67392
67394
67402
67413
67440
67528
67560
67575
67634
67658
67662
67664
67672
67684
67686
67691
67701
67706
67720
67729
67761
67804
67806
67831
67905
67918
67931
67934
67948
67951
67962
67976
68044
68057
68058
68091
68096
68181
68235
68263
68264
68339
68374
68395
68453
68465
68467
68500
68555
68568
68603
68623
68626
68643
68665
68686
68712
68721
68728
68753
68755
68789
68809
68830
68836
68899
68904
68914
68944
68982
68994
69027
69028
69035
69091
69098
69099
69103
69198
69199
69224
69271
69292
69304
69366
69368
69375
69406
69428
69444
69458
69524
69545
69549
69597
69600
69611
69614
69657
69664
69722
69748
69767
69772
69773
69776
69796
69812
69814
69818
69834
69875
69902
69914
69965
69969
69973
70032
70039
70148
70149
70176
70223
70224
70242
70243
70277
70301
70320
70336
70357
70360
70365
70367
70411
70433
70436
70456
70503
70504
70541
70544
70553
70606
70630
70651
70721
70768
70790
70892
70912
70958
70959
71027
71040
71078
71079
71084
71095
71102
71105
71110
71112
71118
71164
71172
71184
71237
71323
71332
71340
71355
71392
71424
71448
71461
71504
71508
71595
71608
71620
71644
71664
71691
71693
71694
71745
71768
71781
71782
71793
71794
71801
71840
71841
71864
71866
71867
71894
71957
71973
71979
71992
71996
72051
72092
72161
72166
72201
72211
72225
72230
72246
72264
72286
72287
72319
72331
72337
72351
72363
72377
72389
72400
72416
72437
72468
72498
72518
72524
72543
72545
72577
72586
72601
72632
72676
72681
72685
72704
72729
72741
72775
72777
72797
72799
72805
72825
72833
72861
72862
72890
72891
72923
72933
72953
72983
72990
73015
73024
73037
73051
73076
73091
73117
73122
73129
73137
73145
73160
73167
73221
73282
73284
73298
73300
73403
73423
73432
73453
73485
73542
73547
73584
73636
73655
73679
73701
73706
73718
73729
73739
73750
73784
73809
73810
73828
73856
73896
73917
73941
73971
74001
74028
74063
74097
74135
74138
74142
74189
74220
74226
74315
74317
74372
74390
74397
74406
74416
74419
74463
74480
74490
74517
74520
74525
74529
74530
74577
74581
74582
74583
74615
74626
74638
74706
74708
74722
74769
74784
74786
74795
74806
74829
74836
74838
74843
74853
74855
74867
74871
74872
74888
74891
74906
74917
74928
74933
74935
74942
74953
74961
74966
74968
74969
74991
75007
75011
75055
75056
75075
75114
75124
75131
75149
75182
75191
75222
75252
75258
75272
75287
75300
75320
75334
75336
75337
75385
75389
75420
75449
75457
75474
75481
75526
75538
75545
75554
75565
75574
75582
75595
75601
75602
75603
75605
75609
75614
75616
75617
75618
75619
75675
75732
75760
75769
75779
75788
75795
75857
75862
75867
75870
75884
75899
75905
75906
75907
75920
75921
75926
75933
75950
75959
75960
75961
75974
75980
76009
76026
76072
76076
76077
76124
76135
76155
76184
76208
76210
76217
76251
76261
76267
76270
76321
76329
76332
76343
76348
76349
76353
76374
76414
76448
76456
76462
76480
76497
76501
76519
76584
76587
76588
76600
76614
76759
76775
76783
76816
76822
76844
76849
76855
76871
76892
76904
76910
76914
7694
76942
76948
76951
76980
77014
77031
77050
77084
77092
77095
77169
77171
77193
77207
77210
77241
77246
77247
77274
77289
77317
77328
77330
77343
77345
77370
77387
77390
77417
77448
77449
77459
77465
77471
77490
77520
77521
77536
77581
77592
77597
77598
77606
77615
77626
77628
77678
77680
77683
77687
77688
77707
77718
77721
77731
77736
77743
77748
77795
77807
77823
77875
77888
77908
77912
77940
77955
77961
77983
78004
78031
78036
78041
78060
78067
78072
78082
78105
78113
78116
78166
78187
78204
78245
78257
78264
78265
78271
78300
78315
78319
78328
78332
78333
78338
78342
78355
78362
78364
78370
78372
78375
78377
78385
78390
78396
78399
78425
78429
78441
78446
78456
78460
78464
78499
78513
78535
78558
78559
78577
78579
78580
78587
78596
78597
78601
78607
78615
78619
78629
78630
78643
78674
78679
78712
78728
78752
78759
78772
78774
78789
78802
78822
78824
78839
78872
78873
78890
78909
78915
78917
78931
78936
78939
78947
78964
78965
78973
78977
78978
78997
78999
79012
79037
79050
79051
79060
79088
79100
79107
79112
79121
79122
79153
79159
79170
79185
79201
79244
79246
79253
79273
79283
79284
79285
79300
79304
79305
79316
79323
79338
79341
79343
79372
79374
79433
79463
79499
79536
79547
79565
79579
79584
79601
79634
79662
79668
79670
79675
79677
79685
79688
79709
79726
79732
79745
79777
79802
79804
79805
79815
79830
79841
79873
79893
79929
79933
79957
79965
79972
80050
80054
80060
80065
80069
80075
80079
80088
80094
80097
80122
80124
80127
80128
80130
80178
80179
80182
80183
80184
80186
80188
80194
80195
80217
80219
8023
80240
80254
80266
80267
80283
80285
80297
80298
80305
80310
80317
80343
80351
80360
80375
80378
80383
80392
8040
80406
8041
80422
80423
80429
80436
80464
80490
80499
80500
80527
80532
80559
80582
80587
80602
80610
80632
80634
80637
8064
80642
80654
80659
80666
80690
80697
80699
80702
80703
80706
80714
80718
80724
80745
80768
80789
80793
80818
80852
80860
8087
80873
80882
80898
80922
80935
8094
80940
8096
80960
80970
80977
80985
80994
80999
8102
81023
81025
81029
81052
81059
81073
81111
81119
8114
81150
81154
8116
81175
81177
8119
81199
81206
81208
81214
81216
81217
81231
81237
81238
81265
81268
8129
81297
81304
81312
81334
81364
81374
81384
81445
81447
81456
81458
81482
81484
81492
81498
81508
81523
81539
81559
8156
81564
81579
81595
81628
81654
81660
81667
81675
81682
81693
81713
81716
81722
81725
81729
81742
81767
81770
81773
81792
8180
81800
81814
81828
8183
81830
81833
81834
81870
81875
81878
81902
81912
81924
81933
81935
81944
81959
81961
81989
8200
82006
82035
82064
82142
82147
82151
82154
82157
82173
82186
82251
82261
82271
82290
82326
82338
8239
82397
82411
82416
82425
82431
82449
82460
82461
8247
82514
82528
82529
82539
82544
82566
82567
82639
82648
82665
82677
82709
82786
82834
8284
82840
82843
82848
82855
82877
82891
82916
82922
82943
82951
82952
82975
82986
82993
82994
83030
83032
83037
83051
83065
83086
83098
83132
8315
83156
83172
83244
83353
83388
83424
83451
83452
83464
83498
83515
83530
83549
83553
83600
83601
83644
83702
83703
83711
83727
83763
83774
8378
8379
83807
83818
83839
83877
83880
83895
8390
83907
83917
83931
83943
83949
8395
83951
83961
83972
83973
83989
83992
84045
84053
84073
84074
84083
84103
84133
84137
84147
84158
84162
84168
84194
84196
84206
84209
84210
84217
84235
8429
84295
84300
84302
84310
84324
84346
84350
84356
84358
84359
84363
84414
84418
8442
84424
84428
84432
84433
84490
84523
84524
84545
84558
84563
84566
84606
84640
84649
84654
84682
84711
84712
84716
84721
8474
8475
84759
8476
84764
84778
84781
84785
84827
84848
84852
84888
84896
84903
8492
84923
84929
84936
8497
84987
85000
8501
85020
85024
85027
85083
85090
85097
85104
85141
85172
85176
85188
85217
85243
85244
8525
85264
85281
85287
85359
8536
85361
85364
85377
8540
85413
8542
85423
8543
85452
85480
85509
85511
8552
85520
85526
85529
8553
85545
8555
85557
85580
85597
85617
85620
85622
85623
85649
85653
85665
85687
85695
85709
85714
85754
8576
85779
85780
85796
85802
85806
85812
85821
8585
85874
85899
85924
85939
85979
85991
85998
86013
86017
8602
86022
86027
86053
8608
86083
86113
86116
8619
8631
8645
8646
8702
8710
8753
8759
8781
8789
8791
8804
8815
8816
8817
8818
8834
8851
8864
8865
8874
8892
8917
8925
8929
8934
8935
8939
8942
8980
8981
8998
9012
9033
9036
9037
9046
9062
9081
9142
9232
9257
9267
9278
9290
9307
9309
9314
9326
9328
9341
9354
9356
9357
9396
9429
9436
9440
9483
9487
9507
9510
9514
9552
9554
9556
9593
9638
9647
9657
9667
9674
9725
9730
9750
9751
9753
9767
9812
9814
9817
9819
9828
9837
9849
9861
9876
9878
9907
9910
9912
9922
9933
9952
9964
9974
9982
9986
9997
